Date_ymd, Time_Absolute_hms, Time_Relative_hms, Time_Relative_s, Time_Lag_s, Duration_s, Observation_Name, Log_File_Name, Actor, Behavior, Receiver, Modifier_1, Modifier_2, Modifier_3, Modifier_4, Modifier_5, Modifier_6, Other_Modifiers, Event_Type, Observer_ID, Coding_Scheme
2020-11-23, 10:01:45, 00:00:00, 0.000, 28.238, 30.208, "FocalBehavr_Near field _Far field ", "LogFocalBehaviour_Near field _Far field  20201123_100145.csv", "1", "Patient",, "Over 30 seconds",,,,,,, State start, 1234, HCWtest
2020-11-23, 10:02:15, 00:00:30, 30.208, -0.000, -0.000, "FocalBehavr_Near field _Far field ", "LogFocalBehaviour_Near field _Far field  20201123_100145.csv", "1", "Patient",, "Over 30 seconds",,,,,,, State stop, 1234, HCWtest
2020-11-23, 10:02:15, 00:00:30, 30.208, 15.086, 16.603, "FocalBehavr_Near field _Far field ", "LogFocalBehaviour_Near field _Far field  20201123_100145.csv", "1", "Patient",, "10-30 seconds ",,,,,,, State start, 1234, HCWtest
2020-11-23, 10:02:32, 00:00:46, 46.811, -0.000, -0.000, "FocalBehavr_Near field _Far field ", "LogFocalBehaviour_Near field _Far field  20201123_100145.csv", "1", "Patient",, "10-30 seconds ",,,,,,, State stop, 1234, HCWtest
2020-11-23, 10:02:32, 00:00:46, 46.811, 43.418, 44.680, "FocalBehavr_Near field _Far field ", "LogFocalBehaviour_Near field _Far field  20201123_100145.csv", "1", "Notes",, "Over 30 seconds",,,,,,, State start, 1234, HCWtest
2020-11-23, 10:03:17, 00:01:31, 91.491, -0.000, -0.000, "FocalBehavr_Near field _Far field ", "LogFocalBehaviour_Near field _Far field  20201123_100145.csv", "1", "Notes",, "Over 30 seconds",,,,,,, State stop, 1234, HCWtest
2020-11-23, 10:03:17, 00:01:31, 91.491, 81.029, 112.961, "FocalBehavr_Near field _Far field ", "LogFocalBehaviour_Near field _Far field  20201123_100145.csv", "1", "Bed",, "10-30 seconds ",,,,,,, State start, 1234, HCWtest
2020-11-23, 10:05:10, 00:03:24, 204.452, -0.000, -0.000, "FocalBehavr_Near field _Far field ", "LogFocalBehaviour_Near field _Far field  20201123_100145.csv", "1", "Bed",, "10-30 seconds ",,,,,,, State stop, 1234, HCWtest
2020-11-23, 10:05:10, 00:03:24, 204.452, 15.569, 50.040, "FocalBehavr_Near field _Far field ", "LogFocalBehaviour_Near field _Far field  20201123_100145.csv", "1", "Notes",, "10-30 seconds ",,,,,,, State start, 1234, HCWtest
2020-11-23, 10:06:00, 00:04:14, 254.493, -0.000, -0.000, "FocalBehavr_Near field _Far field ", "LogFocalBehaviour_Near field _Far field  20201123_100145.csv", "1", "Notes",, "10-30 seconds ",,,,,,, State stop, 1234, HCWtest
2020-11-23, 10:06:00, 00:04:14, 254.493, 7.373, 16.172, "FocalBehavr_Near field _Far field ", "LogFocalBehaviour_Near field _Far field  20201123_100145.csv", "1", "Window",, "10-30 seconds ",,,,,,, State start, 1234, HCWtest
2020-11-23, 10:06:16, 00:04:30, 270.665, -0.000, -0.000, "FocalBehavr_Near field _Far field ", "LogFocalBehaviour_Near field _Far field  20201123_100145.csv", "1", "Window",, "10-30 seconds ",,,,,,, State stop, 1234, HCWtest
2020-11-23, 10:06:16, 00:04:30, 270.665, 48.474, 65.196, "FocalBehavr_Near field _Far field ", "LogFocalBehaviour_Near field _Far field  20201123_100145.csv", "1", "Door",, "Over 30 seconds",,,,,,, State start, 1234, HCWtest
2020-11-23, 10:07:21, 00:05:35, 335.861, -0.000, -0.000, "FocalBehavr_Near field _Far field ", "LogFocalBehaviour_Near field _Far field  20201123_100145.csv", "1", "Door",, "Over 30 seconds",,,,,,, State stop, 1234, HCWtest
2020-11-23, 10:07:21, 00:05:35, 335.861, 15.270, 18.427, "FocalBehavr_Near field _Far field ", "LogFocalBehaviour_Near field _Far field  20201123_100145.csv", "1", "Notes",, "10-30 seconds ",,,,,,, State start, 1234, HCWtest
2020-11-23, 10:07:39, 00:05:54, 354.288, -0.000, -0.000, "FocalBehavr_Near field _Far field ", "LogFocalBehaviour_Near field _Far field  20201123_100145.csv", "1", "Notes",, "10-30 seconds ",,,,,,, State stop, 1234, HCWtest
2020-11-23, 10:07:39, 00:05:54, 354.288, 2.931, 8.306, "FocalBehavr_Near field _Far field ", "LogFocalBehaviour_Near field _Far field  20201123_100145.csv", "1", "Door",, "1-5 seconds",,,,,,, State start, 1234, HCWtest
2020-11-23, 10:07:48, 00:06:02, 362.594, -0.000, -0.000, "FocalBehavr_Near field _Far field ", "LogFocalBehaviour_Near field _Far field  20201123_100145.csv", "1", "Door",, "1-5 seconds",,,,,,, State stop, 1234, HCWtest
2020-11-23, 10:07:48, 00:06:02, 362.594, 24.674, 25.458, "FocalBehavr_Near field _Far field ", "LogFocalBehaviour_Near field _Far field  20201123_100145.csv", "1", "Notes",, "10-30 seconds ",,,,,,, State start, 1234, HCWtest
2020-11-23, 10:08:13, 00:06:28, 388.052, -0.000, -0.000, "FocalBehavr_Near field _Far field ", "LogFocalBehaviour_Near field _Far field  20201123_100145.csv", "1", "Notes",, "10-30 seconds ",,,,,,, State stop, 1234, HCWtest
2020-11-23, 10:08:13, 00:06:28, 388.052, 12.911, 15.029, "FocalBehavr_Near field _Far field ", "LogFocalBehaviour_Near field _Far field  20201123_100145.csv", "1", "Door",, "5-10 seconds",,,,,,, State start, 1234, HCWtest
2020-11-23, 10:08:28, 00:06:43, 403.081, -0.000, -0.000, "FocalBehavr_Near field _Far field ", "LogFocalBehaviour_Near field _Far field  20201123_100145.csv", "1", "Door",, "5-10 seconds",,,,,,, State stop, 1234, HCWtest
2020-11-23, 10:08:28, 00:06:43, 403.081, 43.335, 44.119, "FocalBehavr_Near field _Far field ", "LogFocalBehaviour_Near field _Far field  20201123_100145.csv", "1", "Notes",, "10-30 seconds ",,,,,,, State start, 1234, HCWtest
2020-11-23, 10:09:12, 00:07:27, 447.200, -0.000, -0.000, "FocalBehavr_Near field _Far field ", "LogFocalBehaviour_Near field _Far field  20201123_100145.csv", "1", "Notes",, "10-30 seconds ",,,,,,, State stop, 1234, HCWtest
2020-11-23, 10:09:12, 00:07:27, 447.200, 7.306, 9.198, "FocalBehavr_Near field _Far field ", "LogFocalBehaviour_Near field _Far field  20201123_100145.csv", "1", "Patient",, "5-10 seconds",,,,,,, State start, 1234, HCWtest
2020-11-23, 10:09:21, 00:07:36, 456.398, -0.000, -0.000, "FocalBehavr_Near field _Far field ", "LogFocalBehaviour_Near field _Far field  20201123_100145.csv", "1", "Patient",, "5-10 seconds",,,,,,, State stop, 1234, HCWtest
2020-11-23, 10:09:21, 00:07:36, 456.398, 28.899, 29.782, "FocalBehavr_Near field _Far field ", "LogFocalBehaviour_Near field _Far field  20201123_100145.csv", "1", "Notes",, "10-30 seconds ",,,,,,, State start, 1234, HCWtest
2020-11-23, 10:09:51, 00:08:06, 486.180, -0.000, -0.000, "FocalBehavr_Near field _Far field ", "LogFocalBehaviour_Near field _Far field  20201123_100145.csv", "1", "Notes",, "10-30 seconds ",,,,,,, State stop, 1234, HCWtest
2020-11-23, 10:09:51, 00:08:06, 486.180, 38.338, 40.213, "FocalBehavr_Near field _Far field ", "LogFocalBehaviour_Near field _Far field  20201123_100145.csv", "1", "Patient",, "10-30 seconds ",,,,,,, State start, 1234, HCWtest
2020-11-23, 10:10:31, 00:08:46, 526.392, -0.000, -0.000, "FocalBehavr_Near field _Far field ", "LogFocalBehaviour_Near field _Far field  20201123_100145.csv", "1", "Patient",, "10-30 seconds ",,,,,,, State stop, 1234, HCWtest
2020-11-23, 10:10:31, 00:08:46, 526.392, 10.569, 11.604, "FocalBehavr_Near field _Far field ", "LogFocalBehaviour_Near field _Far field  20201123_100145.csv", "1", "Notes",, "1-5 seconds",,,,,,, State start, 1234, HCWtest
2020-11-23, 10:10:43, 00:08:57, 537.997, -0.000, -0.000, "FocalBehavr_Near field _Far field ", "LogFocalBehaviour_Near field _Far field  20201123_100145.csv", "1", "Notes",, "1-5 seconds",,,,,,, State stop, 1234, HCWtest
2020-11-23, 10:10:43, 00:08:57, 537.997, 7.564, 9.764, "FocalBehavr_Near field _Far field ", "LogFocalBehaviour_Near field _Far field  20201123_100145.csv", "1", "Window",, "1-5 seconds",,,,,,, State start, 1234, HCWtest
2020-11-23, 10:10:53, 00:09:07, 547.760, -0.000, -0.000, "FocalBehavr_Near field _Far field ", "LogFocalBehaviour_Near field _Far field  20201123_100145.csv", "1", "Window",, "1-5 seconds",,,,,,, State stop, 1234, HCWtest
2020-11-23, 10:10:53, 00:09:07, 547.760, 7.414, 8.606, "FocalBehavr_Near field _Far field ", "LogFocalBehaviour_Near field _Far field  20201123_100145.csv", "1", "Patient",, "1-5 seconds",,,,,,, State start, 1234, HCWtest
2020-11-23, 10:11:01, 00:09:16, 556.366, -0.000, -0.000, "FocalBehavr_Near field _Far field ", "LogFocalBehaviour_Near field _Far field  20201123_100145.csv", "1", "Patient",, "1-5 seconds",,,,,,, State stop, 1234, HCWtest
2020-11-23, 10:11:01, 00:09:16, 556.366, 21.918, 46.135, "FocalBehavr_Near field _Far field ", "LogFocalBehaviour_Near field _Far field  20201123_100145.csv", "1", "Notes",, "10-30 seconds ",,,,,,, State start, 1234, HCWtest
2020-11-23, 10:11:48, 00:10:02, 602.501, -0.000, -0.000, "FocalBehavr_Near field _Far field ", "LogFocalBehaviour_Near field _Far field  20201123_100145.csv", "1", "Notes",, "10-30 seconds ",,,,,,, State stop, 1234, HCWtest
2020-11-23, 10:11:48, 00:10:02, 602.501, 25.798, 28.683, "FocalBehavr_Near field _Far field ", "LogFocalBehaviour_Near field _Far field  20201123_100145.csv", "1", "Notes",, "Over 30 seconds",,,,,,, State start, 1234, HCWtest
2020-11-23, 10:12:16, 00:10:31, 631.184, -0.000, -0.000, "FocalBehavr_Near field _Far field ", "LogFocalBehaviour_Near field _Far field  20201123_100145.csv", "1", "Notes",, "Over 30 seconds",,,,,,, State stop, 1234, HCWtest
2020-11-23, 10:12:16, 00:10:31, 631.184, 60.728, 70.137, "FocalBehavr_Near field _Far field ", "LogFocalBehaviour_Near field _Far field  20201123_100145.csv", "1", "Door",, "Over 30 seconds",,,,,,, State start, 1234, HCWtest
2020-11-23, 10:13:26, 00:11:41, 701.320, -0.000, -0.000, "FocalBehavr_Near field _Far field ", "LogFocalBehaviour_Near field _Far field  20201123_100145.csv", "1", "Door",, "Over 30 seconds",,,,,,, State stop, 1234, HCWtest
2020-11-23, 10:13:26, 00:11:41, 701.320, 25.358, 26.333, "FocalBehavr_Near field _Far field ", "LogFocalBehaviour_Near field _Far field  20201123_100145.csv", "1", "Patient",, "5-10 seconds",,,,,,, State start, 1234, HCWtest
2020-11-23, 10:13:53, 00:12:07, 727.653, -0.000, -0.000, "FocalBehavr_Near field _Far field ", "LogFocalBehaviour_Near field _Far field  20201123_100145.csv", "1", "Patient",, "5-10 seconds",,,,,,, State stop, 1234, HCWtest
2020-11-23, 10:13:53, 00:12:07, 727.653, 19.826, 22.335, "FocalBehavr_Near field _Far field ", "LogFocalBehaviour_Near field _Far field  20201123_100145.csv", "1", "Patient",, "10-30 seconds ",,,,,,, State start, 1234, HCWtest
2020-11-23, 10:14:15, 00:12:29, 749.988, -0.000, -0.000, "FocalBehavr_Near field _Far field ", "LogFocalBehaviour_Near field _Far field  20201123_100145.csv", "1", "Patient",, "10-30 seconds ",,,,,,, State stop, 1234, HCWtest
2020-11-23, 10:14:15, 00:12:29, 749.988, 15.652, 42.595, "FocalBehavr_Near field _Far field ", "LogFocalBehaviour_Near field _Far field  20201123_100145.csv", "1", "Notes",, "5-10 seconds",,,,,,, State start, 1234, HCWtest
2020-11-23, 10:14:58, 00:13:12, 792.583, -0.000, -0.000, "FocalBehavr_Near field _Far field ", "LogFocalBehaviour_Near field _Far field  20201123_100145.csv", "1", "Notes",, "5-10 seconds",,,,,,, State stop, 1234, HCWtest
2020-11-23, 10:14:58, 00:13:12, 792.583, 4.231, 48.543, "FocalBehavr_Near field _Far field ", "LogFocalBehaviour_Near field _Far field  20201123_100145.csv", "1", "Door",, "5-10 seconds",,,,,,, State start, 1234, HCWtest
2020-11-23, 10:15:46, 00:14:01, 841.126, -0.000, -0.000, "FocalBehavr_Near field _Far field ", "LogFocalBehaviour_Near field _Far field  20201123_100145.csv", "1", "Door",, "5-10 seconds",,,,,,, State stop, 1234, HCWtest
2020-11-23, 10:15:46, 00:14:01, 841.126, 4.597, 23.759, "FocalBehavr_Near field _Far field ", "LogFocalBehaviour_Near field _Far field  20201123_100145.csv", "1", "Door",, "10-30 seconds ",,,,,,, State start, 1234, HCWtest
2020-11-23, 10:16:10, 00:14:24, 864.885, -0.000, -0.000, "FocalBehavr_Near field _Far field ", "LogFocalBehaviour_Near field _Far field  20201123_100145.csv", "1", "Door",, "10-30 seconds ",,,,,,, State stop, 1234, HCWtest
2020-11-23, 10:16:10, 00:14:24, 864.885, 19.410, 31.840, "FocalBehavr_Near field _Far field ", "LogFocalBehaviour_Near field _Far field  20201123_100145.csv", "1", "Notes",, "5-10 seconds",,,,,,, State start, 1234, HCWtest
2020-11-23, 10:16:42, 00:14:56, 896.725, -0.000, -0.000, "FocalBehavr_Near field _Far field ", "LogFocalBehaviour_Near field _Far field  20201123_100145.csv", "1", "Notes",, "5-10 seconds",,,,,,, State stop, 1234, HCWtest
2020-11-23, 10:16:42, 00:14:56, 896.725, 57.331, 61.308, "FocalBehavr_Near field _Far field ", "LogFocalBehaviour_Near field _Far field  20201123_100145.csv", "1", "Sink",, "Over 30 seconds",,,,,,, State start, 1234, HCWtest
2020-11-23, 10:17:43, 00:15:58, 958.033, -0.000, -0.000, "FocalBehavr_Near field _Far field ", "LogFocalBehaviour_Near field _Far field  20201123_100145.csv", "1", "Sink",, "Over 30 seconds",,,,,,, State stop, 1234, HCWtest
